763.08 0
0 16 75 180 197 198 139 66 138 137 192 132 0
0 123 183 209 158 159 68 99 39 0
0 44 49 50 109 184 226 129 168 167 48 47 0
0 118 119 71 179 136 195 194 135 76 11 59 0
0 32 92 152 127 207 187 212 211 210 151 31 0
0 29 38 98 149 218 219 220 188 215 128 160 100 40 0
0 9 69 163 222 223 189 228 227 46 0
0 56 175 176 171 230 130 231 190 236 235 234 0
0 13 22 73 61 140 121 24 19 18 240 0
0 52 185 237 238 239 191 196 131 178 0
0 78 79 144 126 199 186 204 203 202 143 84 0
0 23 82 133 181 193 142 83 6 77 72 17 12 0
0 27 7 67 147 206 205 146 86 26 20 0
0 34 35 8 95 155 214 213 154 94 93 88 33 28 0
0 37 97 106 157 124 217 166 107 108 103 162 221 102 43 0
0 55 114 165 125 225 174 115 116 111 170 169 110 104 0
0 90 141 182 201 150 91 87 145 200 85 25 80 1 0
0 21 30 81 122 208 153 148 62 2 0
0 36 96 41 42 101 161 216 156 63 89 3 0
0 4 64 164 224 229 70 10 51 0
0 45 54 105 65 172 232 177 117 58 57 112 5 0
0 60 120 233 134 173 74 15 14 113 53 0
