814.46 0
0 20 27 35 44 54 65 77 90 104 119 135 152 170 153 136 120 137 105 91 78 66 55 45 36 0
0 92 106 121 154 171 187 203 188 172 155 138 156 173 190 205 189 204 218 232 219 233 245 257 246 234 220 206 191 174 157 139 122 107 0
0 95 159 193 209 224 238 250 261 260 270 279 269 278 268 258 247 259 248 236 222 235 221 207 175 140 123 108 93 79 0
0 81 141 176 223 237 262 272 281 289 297 303 309 313 308 302 296 295 287 288 280 271 249 208 192 158 124 80 67 56 0
0 42 52 63 75 88 102 117 133 150 168 186 202 217 231 244 256 267 277 286 294 301 307 312 316 319 305 291 283 252 239 85 0
0 18 87 101 115 131 116 132 149 167 184 166 148 183 200 216 201 185 169 151 134 118 103 89 76 64 53 43 0
0 126 143 161 179 196 212 226 211 210 194 177 160 142 125 109 94 68 37 10 0
0 28 46 57 69 82 96 111 127 144 162 180 241 265 275 284 293 285 276 266 254 228 198 33 0
0 110 178 195 225 251 263 273 282 290 298 304 310 314 317 320 322 321 318 315 311 299 306 300 292 274 264 253 240 227 197 99 0
0 29 47 58 70 83 97 112 128 145 163 181 213 242 255 243 230 215 229 214 199 165 100 0
0 9 14 21 38 48 59 71 84 98 113 129 146 164 182 147 130 114 0
0 5 15 22 30 39 49 60 72 61 73 86 74 62 0
0 2 16 23 31 40 50 51 41 32 24 0
0 323 3 0
0 1 4 8 13 19 26 34 25 0
0 6 11 17 12 7 0
