940.11 0
0 40 70 108 154 155 209 210 211 212 111 72 41 0
0 13 62 98 142 143 144 100 101 148 102 65 0
0 18 110 156 157 158 159 160 161 113 74 43 0
0 50 125 175 233 232 231 230 229 172 173 174 124 83 0
0 121 171 228 227 226 225 224 168 167 223 222 166 116 44 0
0 30 136 188 248 247 246 186 187 135 92 57 0
0 36 66 149 150 204 203 202 201 200 199 146 147 35 0
0 75 114 162 219 218 217 216 215 214 213 112 73 42 0
0 47 80 120 169 170 123 122 82 81 24 0
0 90 133 183 241 242 243 244 245 185 184 134 91 56 0
0 33 61 97 141 193 194 195 196 197 198 145 14 0
0 37 67 151 205 206 152 107 153 207 208 109 71 0
0 252 12 32 60 96 140 192 191 0
0 22 46 78 118 119 79 6 0
0 26 1 15 2 0
0 21 45 77 117 165 221 220 164 163 115 76 0
0 131 132 182 240 239 238 237 236 235 178 128 86 52 0
0 10 93 137 189 249 250 251 190 138 139 0
0 34 63 99 64 103 104 105 106 68 69 0
0 16 38 39 17 3 0
0 4 19 20 5 0
0 85 127 177 234 176 126 84 49 48 23 0
0 7 25 51 8 0
0 9 181 180 179 129 87 53 27 0
0 11 58 94 95 59 31 0
0 29 55 89 130 88 54 28 0
