1530.62 0
0 147 207 266 247 307 325 301 262 203 0
0 67 152 211 270 321 302 333 274 215 214 155 0
0 131 191 256 315 316 357 354 250 295 0
0 186 264 323 246 324 306 319 318 259 0
0 127 212 187 272 267 326 327 332 331 330 271 0
0 196 255 314 251 311 359 358 299 298 239 179 0
0 130 190 291 350 351 310 356 355 296 0
0 260 205 206 265 320 313 322 263 204 126 144 139 79 78 0
0 39 279 339 340 248 280 188 128 0
0 163 129 189 288 347 348 249 283 222 0
0 346 309 343 342 338 308 335 334 275 220 160 100 0
0 95 68 219 278 329 303 341 282 223 228 287 0
0 69 168 227 286 337 304 349 290 231 236 230 0
0 71 136 195 254 353 300 312 317 258 199 138 0
0 185 297 352 305 345 294 235 176 171 70 0
0 7 92 151 210 261 242 328 273 268 182 0
0 8 159 218 269 243 336 281 221 276 183 0
0 9 108 167 226 277 244 344 289 284 184 0
0 10 116 175 234 285 245 292 237 238 178 59 0
0 53 113 120 180 257 198 66 24 23 0
0 118 119 11 76 135 194 293 240 252 197 192 137 0
0 6 84 143 202 253 241 181 200 140 85 0
0 13 22 73 82 133 121 193 142 83 19 18 77 132 17 12 0
0 31 90 141 122 201 150 91 32 87 146 145 86 27 0
0 98 149 123 209 158 99 40 35 94 154 213 208 153 28 0
0 47 106 157 124 217 166 107 48 103 162 102 43 0
0 55 114 165 125 225 174 115 56 111 170 229 110 51 0
0 1 61 80 26 25 20 0
0 21 30 81 62 148 93 34 33 88 2 0
0 29 38 89 63 156 216 161 101 42 41 96 3 36 0
0 37 46 97 64 164 224 169 109 50 49 104 4 44 0
0 45 54 105 65 172 232 177 117 58 57 112 5 52 0
0 14 15 16 75 134 233 173 74 60 72 360 0
