651.62 0
0 27 35 44 54 65 77 90 104 119 120 135 150 136 121 105 91 106 122 107 92 78 66 55 45 36 0
0 109 140 154 167 180 191 179 190 201 210 200 189 178 166 153 139 123 138 152 165 177 164 151 137 93 79 67 56 0
0 82 141 156 169 182 193 203 212 221 235 240 234 228 220 227 219 211 202 192 181 168 124 108 94 80 68 0
0 14 20 28 46 81 110 126 170 204 213 222 214 194 183 184 172 158 143 32 0
0 16 48 96 142 205 223 242 247 250 249 245 241 236 229 155 125 95 69 57 37 0
0 21 29 38 47 58 70 83 97 112 128 144 129 113 98 84 71 0
0 62 74 87 101 116 132 147 161 174 186 197 207 216 225 217 208 198 187 175 162 148 134 118 103 89 76 64 53 0
0 59 127 157 171 195 215 231 237 243 238 232 224 206 196 185 173 160 159 145 130 146 131 115 100 51 0
0 33 42 52 63 75 88 102 117 133 149 163 176 188 199 209 218 226 233 239 244 248 251 253 254 252 246 230 111 0
0 9 15 22 30 39 49 60 72 85 99 114 86 73 0
0 2 5 10 23 31 40 50 61 41 0
0 6 11 17 24 25 18 12 0
0 1 4 8 13 19 26 34 43 0
0 255 3 7 0
