6226.4 0
0 7 192 119 94 151 247 212 45 187 0
0 179 91 88 86 149 218 259 156 0
0 165 222 111 143 14 50 77 107 98 240 117 253 257 105 85 0
0 8 25 246 208 152 180 63 200 199 116 190 0
0 21 138 70 155 87 34 182 35 239 184 160 0
0 213 164 28 95 256 188 154 76 108 244 99 209 0
0 92 178 109 60 159 147 245 32 233 0
0 204 191 211 90 61 205 221 129 130 124 255 54 0
0 118 120 23 236 196 174 48 128 161 93 46 216 144 250 0
0 172 186 81 4 115 145 100 72 0
0 176 136 226 78 201 67 51 134 158 41 210 0
0 52 171 132 97 29 110 20 227 169 84 0
0 251 167 13 238 197 103 47 55 17 40 127 24 258 175 0
0 33 252 234 68 142 232 231 202 139 1 229 71 31 79 261 0
0 122 39 102 15 219 75 162 59 181 0
0 203 57 214 131 10 42 194 113 80 241 0
0 83 206 65 36 220 106 121 89 0
0 73 198 207 30 18 137 173 260 27 0
0 43 223 38 242 56 168 66 254 225 11 235 0
0 2 58 183 150 189 248 153 9 0
0 96 166 185 19 5 133 12 49 53 228 217 195 0
0 123 3 126 141 140 74 104 215 112 0
0 69 177 237 146 135 16 243 6 37 22 44 0
0 125 170 230 26 148 114 101 193 64 0
0 163 224 82 157 249 62 0
