1834.93 0
0 61 98 142 194 254 322 323 325 402 326 327 403 404 405 406 407 333 334 265 0
0 47 79 119 167 223 287 359 439 440 441 442 362 81 49 0
0 62 99 143 195 255 256 257 258 259 328 329 260 261 262 147 102 0
0 114 161 217 216 215 214 213 212 211 158 159 160 112 72 0
0 176 233 299 373 372 298 297 371 370 369 368 450 451 452 453 454 455 375 301 236 0
0 132 182 240 306 307 308 309 310 385 386 311 312 313 314 247 134 133 0
0 69 153 207 270 340 341 342 422 423 345 346 424 425 426 427 428 429 352 353 281 0
0 48 121 169 225 290 291 292 293 366 367 294 295 296 231 232 175 0
0 89 131 181 239 305 379 380 464 465 383 384 466 467 468 469 470 390 391 317 0
0 34 64 202 264 263 332 331 330 408 409 410 411 412 413 335 203 149 0
0 19 42 73 280 351 350 430 431 432 433 434 354 282 218 162 0
0 84 125 174 173 172 230 229 228 227 171 123 124 83 0
0 57 136 315 389 388 387 471 472 473 474 475 476 392 316 248 188 93 0
0 103 148 201 200 199 198 197 196 144 145 146 101 100 63 0
0 71 109 155 209 272 273 274 275 276 347 348 349 277 278 279 74 0
0 80 120 168 224 288 360 361 363 443 444 364 365 445 446 447 448 449 82 0
0 91 135 187 186 246 245 244 243 185 184 242 241 183 90 0
0 1 15 37 151 205 268 206 152 107 0
0 41 110 156 210 157 111 113 219 283 355 435 436 437 438 358 286 0
0 53 178 179 237 304 378 460 461 462 463 382 381 238 180 130 88 0
0 31 60 96 140 193 253 321 397 398 399 400 401 324 141 97 0
0 480 12 32 33 13 0
0 3 17 39 40 18 0
0 43 75 115 163 220 221 222 289 226 170 122 23 0
0 9 27 54 28 0
0 35 65 267 337 338 418 419 420 421 344 343 271 208 154 108 70 0
0 6 22 46 78 118 0
0 7 24 50 85 51 0
0 10 29 137 250 190 138 94 58 0
0 2 67 105 106 68 38 16 0
0 14 36 66 104 150 204 266 336 414 415 416 417 339 269 0
0 5 164 165 166 117 77 45 21 0
0 4 20 44 76 116 284 356 357 285 0
0 8 26 52 86 128 129 87 0
0 25 126 127 177 235 234 300 374 456 457 458 459 377 376 302 303 0
0 11 59 95 192 251 191 139 30 0
0 55 56 92 189 249 318 394 393 477 478 479 396 320 395 319 252 0
