2033.6 0
0 206 207 187 272 332 391 390 331 127 147 27 0
0 40 68 160 219 279 338 389 303 329 278 98 38 0
0 130 364 397 346 406 347 288 287 129 0
0 29 89 149 123 209 158 99 39 0
0 256 311 371 417 416 370 411 310 0
0 326 385 382 306 384 366 379 378 374 315 196 0
0 32 247 307 392 367 387 386 327 267 145 0
0 191 251 316 375 376 419 418 359 358 299 239 0
0 255 314 413 360 372 377 318 319 246 324 383 0
0 266 325 380 361 373 322 323 264 259 186 203 0
0 67 212 271 330 381 362 393 334 214 93 33 0
0 230 290 409 410 351 250 356 415 414 355 295 0
0 188 335 308 400 368 395 394 275 215 155 0
0 228 189 407 309 402 342 341 282 222 0
0 131 298 357 412 365 405 354 296 190 236 0
0 200 205 265 320 301 313 262 263 204 126 144 84 24 0
0 7 152 211 270 321 302 388 333 274 273 328 268 0
0 363 401 343 403 369 408 348 249 283 223 163 0
0 69 168 227 286 337 304 404 349 350 291 231 171 0
0 71 136 195 254 353 300 312 317 258 199 198 0
0 185 297 352 305 345 294 235 176 70 56 0
0 31 91 151 210 261 242 213 154 95 94 34 0
0 8 100 159 218 269 243 336 281 276 183 0
0 9 108 167 226 277 244 344 289 284 184 0
0 10 116 175 234 285 245 292 237 238 179 178 0
0 53 113 120 180 192 138 139 66 79 19 0
0 59 118 119 11 76 135 194 293 240 257 252 197 0
0 18 6 143 202 253 241 260 181 20 0
0 23 82 133 121 193 142 83 78 137 132 77 72 17 12 0
0 13 22 73 61 140 85 80 1 0
0 216 221 396 398 399 340 248 339 280 220 128 35 0
0 47 106 157 124 217 166 107 48 103 162 161 102 43 0
0 55 114 165 125 225 174 115 111 170 229 110 51 0
0 21 30 81 90 141 182 201 150 92 87 146 86 26 25 0
0 2 62 122 208 153 148 88 28 0
0 3 63 156 101 42 41 96 36 0
0 37 46 97 64 164 224 169 109 50 49 104 4 44 0
0 45 54 105 65 172 232 177 117 58 57 112 5 52 0
0 14 15 16 75 134 233 173 74 60 420 0
