1499.64 0
0 34 62 143 196 197 145 101 100 64 14 0
0 41 72 110 156 211 212 273 272 210 155 109 71 0
0 63 99 144 198 199 328 329 261 262 200 146 147 102 35 0
0 111 157 158 213 345 346 347 348 278 214 159 160 112 73 74 0
0 121 170 171 227 291 364 365 366 367 368 369 370 229 228 172 173 124 0
0 91 133 183 184 242 243 244 385 386 312 245 185 186 187 136 0
0 36 65 103 148 202 264 263 333 334 335 265 203 149 66 0
0 114 162 218 282 354 353 281 280 279 215 216 217 161 113 42 0
0 237 303 302 301 374 373 372 371 297 231 232 298 299 233 83 49 0
0 188 248 316 392 391 390 314 315 247 246 134 135 92 28 0
0 13 98 142 194 255 325 257 258 326 327 259 260 330 331 332 201 0
0 153 207 206 268 269 270 341 342 343 344 274 275 276 277 349 350 351 352 164 0
0 78 167 223 288 359 360 361 289 290 362 363 292 293 294 295 296 230 226 0
0 89 132 182 240 306 241 307 308 384 310 311 387 388 389 313 56 0
0 104 150 204 267 266 336 337 338 339 340 271 209 208 154 108 70 0
0 19 43 75 115 163 219 283 355 356 357 358 287 119 0
0 24 50 84 126 176 234 300 375 376 377 305 239 181 0
0 29 57 93 137 189 249 317 393 394 395 320 321 193 0
0 61 97 141 251 318 319 252 253 254 322 323 324 256 195 33 0
0 46 118 166 222 286 285 284 220 221 165 4 0
0 125 175 174 123 122 82 81 48 23 0
0 54 131 180 238 304 378 379 380 381 382 383 309 90 55 0
0 1 15 37 67 105 151 205 152 0
0 47 80 120 169 225 224 168 79 22 0
0 26 52 86 128 178 179 236 235 177 127 85 0
0 10 30 58 94 138 190 250 191 0
0 2 16 38 68 106 107 69 0
0 3 17 39 40 18 0
0 20 44 76 116 117 77 45 21 0
0 6 5 0
0 7 25 51 8 0
0 9 88 130 129 87 53 27 0
0 11 31 59 95 0
0 396 12 32 60 96 140 192 139 0
