28795.78 0
0 312 96 101 98 125 129 130 371 123 122 109 110 111 112 113 114 146 149 150 166 163 162 161 160 159 158 5 198 201 197 195 191 169 172 174 173 0
0 382 358 0
0 363 357 360 364 0
0 328 327 351 222 0
0 262 261 374 247 245 244 237 350 223 235 248 0
0 326 359 325 0
0 352 354 356 353 0
0 338 346 348 38 40 45 384 43 42 44 48 47 46 34 35 4 192 177 179 0
0 295 379 232 231 230 3 224 355 221 225 226 229 236 241 0
0 246 242 228 227 0
0 6 118 0
0 330 331 383 375 324 0
0 104 72 71 69 66 68 65 62 63 60 58 0
0 180 190 203 206 215 365 218 217 220 33 216 214 213 204 199 0
0 178 193 209 211 212 210 205 194 176 175 170 171 142 134 0
0 54 49 385 233 256 255 0
0 300 329 323 362 361 0
0 70 64 18 15 17 16 370 67 0
0 349 347 333 337 0
0 345 339 344 202 340 332 271 0
0 260 239 240 259 0
0 107 108 106 74 75 77 76 73 61 59 78 50 57 0
0 258 257 380 251 252 250 249 238 243 253 0
0 270 335 334 336 341 342 343 208 367 189 0
0 377 14 29 13 24 22 23 20 21 30 31 12 11 10 9 8 7 25 26 27 28 120 119 121 145 0
0 181 182 183 381 168 153 167 164 154 148 116 117 369 115 151 133 128 132 0
0 303 321 292 293 286 264 285 284 319 289 0
0 301 269 378 185 186 184 0
0 268 267 272 274 0
0 89 90 81 80 79 103 105 124 102 188 100 92 0
0 290 291 254 234 263 275 0
0 136 2 141 143 144 135 127 126 97 95 93 0
0 87 88 82 56 55 52 83 84 85 53 187 51 282 280 281 283 0
0 299 139 140 131 137 372 0
0 165 196 200 207 373 219 37 39 41 36 32 368 366 157 156 155 147 152 0
0 297 296 273 298 0
0 318 138 0
0 315 316 94 0
0 294 288 287 276 320 277 266 1 265 279 278 0
0 322 0
0 91 99 376 19 0
0 313 0
0 317 0
0 310 307 0
0 311 302 0
0 309 305 304 86 306 308 0
0 314 0
