1302.76 0
0 77 90 104 119 135 152 170 190 210 189 231 209 230 252 273 253 232 211 171 153 172 191 212 233 254 274 293 312 294 275 255 234 213 192 173 154 136 120 105 0
0 106 121 137 155 174 193 214 235 256 276 295 313 330 347 331 314 296 277 257 236 258 278 297 315 332 348 363 378 364 349 333 316 298 279 237 215 157 0
0 54 65 91 138 156 175 195 216 259 280 300 318 335 351 334 350 365 379 392 405 393 380 394 381 367 352 336 319 337 320 301 281 260 124 0
0 66 122 139 194 299 317 366 406 417 428 418 407 395 382 368 353 369 383 396 409 397 384 370 354 338 321 302 282 261 239 217 177 141 0
0 44 78 92 107 123 140 176 408 420 430 429 438 447 455 448 440 431 421 410 398 385 371 355 339 322 303 283 262 240 218 197 159 0
0 45 79 93 108 158 196 238 419 439 462 468 463 456 449 441 450 442 422 411 399 386 372 356 340 323 304 284 263 241 219 198 178 0
0 35 55 67 80 94 109 125 142 160 179 199 220 242 264 357 400 412 423 433 443 434 424 387 373 341 324 305 285 0
0 53 64 151 169 188 208 229 251 328 360 375 374 388 401 413 435 453 444 452 460 467 466 472 476 471 475 479 481 482 480 478 474 477 473 469 470 465 459 451 458 464 457 432 0
0 62 74 87 115 101 116 132 148 166 185 205 225 247 226 248 269 290 309 310 291 270 249 227 206 186 167 149 133 118 103 89 76 0
0 20 56 68 81 95 110 126 143 161 180 200 221 243 265 286 358 402 414 425 436 426 415 403 389 343 325 306 165 0
0 27 36 46 57 69 82 96 111 127 144 162 181 201 222 342 359 390 376 361 344 326 307 287 266 244 0
0 21 29 38 48 59 71 84 98 113 129 146 164 183 203 288 308 327 345 289 268 246 0
0 14 28 37 47 58 70 83 97 112 128 145 163 182 202 223 245 267 224 204 131 0
0 18 33 42 52 63 75 88 102 117 134 150 168 187 207 228 271 250 272 292 311 329 346 362 377 391 404 416 427 437 446 454 461 445 0
0 9 15 22 30 39 49 60 72 85 99 114 130 147 184 100 0
0 5 10 16 23 31 40 50 61 73 86 51 0
0 2 6 11 17 24 32 41 25 0
0 1 4 8 13 19 26 34 43 0
0 483 3 7 12 0
