1182.99 0
0 71 109 155 211 274 212 213 275 276 277 278 214 215 113 74 0
0 33 61 97 141 142 143 99 63 34 0
0 36 65 103 149 148 147 146 101 102 64 35 0
0 20 114 161 160 159 158 157 156 110 72 41 0
0 49 82 122 123 170 226 225 169 121 81 48 0
0 89 131 181 239 240 241 309 310 311 312 244 185 186 187 135 0
0 62 98 194 195 196 197 257 258 259 199 200 201 202 203 66 0
0 43 75 162 218 217 216 279 280 281 282 283 284 219 163 115 0
0 125 174 230 229 295 294 293 292 228 172 173 124 24 0
0 249 317 316 315 314 313 245 246 247 248 188 136 92 30 0
0 67 104 150 204 266 265 264 263 262 261 260 198 145 14 0
0 4 19 42 73 112 111 40 0
0 126 176 234 301 300 299 298 297 296 231 232 233 175 84 50 0
0 132 182 242 243 308 307 306 305 304 238 180 130 88 54 0
0 93 189 190 250 318 319 252 253 254 255 256 144 100 13 0
0 105 151 205 267 268 206 152 106 68 39 18 0
0 23 80 120 168 224 223 167 119 79 47 0
0 56 91 134 184 183 133 90 55 28 0
0 1 15 37 38 16 0
0 5 44 76 116 164 220 21 0
0 7 25 51 85 127 128 86 0
0 10 29 57 137 138 94 58 0
0 3 17 2 0
0 69 107 153 207 269 270 271 272 273 210 209 208 154 108 70 0
0 6 22 285 221 165 117 77 45 0
0 83 171 227 291 290 289 288 287 286 222 166 118 78 46 0
0 8 178 177 235 236 302 303 237 179 129 87 0
0 9 27 53 52 26 0
0 11 31 59 32 12 0
0 320 60 96 140 193 192 251 191 139 95 0
