1172.91 0
0 31 90 141 122 201 150 91 32 27 86 300 0
0 152 211 267 247 272 271 270 248 188 0
0 185 292 245 285 234 70 116 10 0
0 275 280 283 249 288 189 286 227 168 69 0
0 7 92 151 210 261 242 273 274 215 214 155 0
0 8 100 159 218 269 243 281 282 223 222 163 0
0 9 108 167 226 277 244 289 290 231 230 171 0
0 195 299 251 254 198 199 259 264 263 204 126 0
0 179 131 196 255 256 191 239 298 297 238 237 0
0 68 160 219 278 279 220 128 268 182 0
0 183 276 129 228 287 130 236 235 176 0
0 184 284 190 291 250 296 295 294 175 0
0 59 118 119 178 71 136 76 135 194 293 240 0
0 16 11 75 180 138 139 144 66 79 0
0 205 206 265 262 203 186 246 258 257 252 197 0
0 18 6 84 143 202 253 241 260 181 0
0 23 82 133 121 193 142 83 24 19 78 137 192 132 77 0
0 146 147 207 266 187 212 127 67 87 0
0 39 98 149 123 209 158 99 40 95 154 213 94 35 0
0 47 106 157 124 217 166 107 48 103 162 221 102 43 0
0 55 114 165 125 225 174 115 56 111 170 229 110 51 0
0 13 22 73 61 140 200 145 85 26 25 80 1 20 0
0 21 30 81 62 148 208 153 93 34 33 88 2 28 0
0 29 38 89 63 156 216 161 101 42 41 96 3 36 0
0 37 46 97 64 164 224 169 109 50 49 104 4 44 0
0 45 54 105 65 172 232 177 117 58 57 112 5 52 0
0 12 17 72 60 120 233 134 173 74 15 14 113 53 0
