1008.35 0
0 20 27 35 44 54 65 77 90 104 119 135 152 153 154 136 120 105 91 78 66 55 45 36 28 0
0 122 138 156 174 194 213 232 249 231 248 264 279 263 247 230 212 193 192 211 229 246 228 210 190 209 189 170 171 191 172 173 155 137 121 106 92 0
0 93 123 157 195 215 234 268 283 297 282 296 310 322 333 321 309 295 308 294 280 265 281 266 250 267 251 233 214 175 139 107 79 67 0
0 80 108 140 158 176 196 216 252 269 284 298 311 323 334 344 354 345 335 324 312 313 300 270 253 235 197 177 141 95 0
0 57 94 124 159 217 236 285 299 325 336 346 355 363 371 364 356 347 337 326 314 301 271 237 218 198 178 142 110 0
0 26 34 53 64 75 88 102 117 133 150 168 187 207 245 262 278 293 307 320 332 343 353 362 370 377 383 376 369 360 340 316 288 272 0
0 100 115 131 148 184 204 223 258 274 304 350 368 375 381 387 382 388 392 391 395 397 398 396 394 390 393 389 385 380 386 374 367 359 315 287 200 0
0 51 62 74 87 101 116 132 149 167 186 206 225 205 224 243 260 277 261 244 226 227 208 188 169 151 134 118 103 89 76 43 0
0 15 38 58 96 111 127 144 162 181 201 221 240 290 318 330 342 331 319 305 275 203 183 130 114 0
0 37 47 69 82 126 143 161 199 219 238 256 273 303 329 351 361 352 341 317 289 257 239 220 24 0
0 6 22 70 83 97 112 128 145 163 182 202 222 241 259 291 306 292 276 242 185 166 0
0 9 14 21 29 48 59 71 84 98 113 129 146 164 165 147 73 0
0 46 56 68 81 109 125 160 179 254 286 327 338 348 357 365 372 378 384 379 373 366 358 349 339 328 302 255 180 0
0 19 25 33 42 52 63 86 99 85 72 60 49 39 30 0
0 5 10 16 23 31 40 50 61 41 32 0
0 3 11 17 7 0
0 1 4 8 13 18 12 0
0 399 2 0
